Ans1 was  ([([(0, 1), (1, 2)], 8, 0.25), ([(0, 1)], 2, 0.25)], array([2.50000000e+00, 1.70000000e+01, 1.30000000e+02, 1.02800000e+03,
       8.20000000e+03, 6.55520000e+04, 5.24320000e+05, 4.19436800e+06,
       3.35545600e+07, 2.68435712e+08]))
Ans2a was  ([([(0, 2), (1, 2), (2, 2)], 19, 0.1), ([(0, 2), (1, 2)], 9, 0.15), ([(0, 2)], 3, 0.25)], array([4.00000000e+00, 5.05000000e+01, 8.02000000e+02, 1.40365000e+04,
       2.56528000e+05, 4.78448650e+06, 9.01051660e+07, 1.70481495e+09,
       3.23268878e+10, 6.13629658e+11]))
Ans2b was  ([([(0, 2), (1, 2), (2, 2)], 19, 0.1), ([(0, 2), (1, 2)], 9, 0.15), ([(0, 2), (1, 1)], 8, 0.0001), ([(0, 2)], 3, 0.2499)], array([4.00050000e+00, 5.05055000e+01, 8.02048500e+02, 1.40369015e+04,
       2.56531253e+05, 4.78451264e+06, 9.01053755e+07, 1.70481663e+09,
       3.23269012e+10, 6.13629766e+11]))
Ans2c was  ([([(0, 2), (1, 2), (2, 2)], 19, 0.1001), ([(0, 2), (1, 2)], 9, 0.1499), ([(0, 2)], 3, 0.25)], array([4.00100000e+00, 5.05280000e+01, 8.02613000e+02, 1.40488760e+04,
       2.56769705e+05, 4.78913794e+06, 9.01940749e+07, 1.70650900e+09,
       3.23591178e+10, 6.14242416e+11]))
Ans3c1 was  ([([(0, 2), (1, 2), (2, 2)], 19, 0.1001), ([(0, 2), (1, 2)], 9, 0.1499), ([(0, 2), (1, 0)], 6, 0.001), ([(0, 2)], 3, 0.249)], array([4.00400000e+00, 5.05550000e+01, 8.02802000e+02, 1.40500910e+04,
       2.56777238e+05, 4.78918387e+06, 9.01943526e+07, 1.70651068e+09,
       3.23591279e+10, 6.14242477e+11]))
Ans3c2 was  ([([(0, 2), (1, 2), (2, 2)], 19, 0.1001), ([(0, 2), (1, 2)], 9, 0.1499), ([(1, 2), (0, 0)], 6, 0.001), ([(1, 2)], 3, 0.249)], array([4.00400000e+00, 5.05550000e+01, 8.02802000e+02, 1.40500910e+04,
       2.56777238e+05, 4.78918387e+06, 9.01943526e+07, 1.70651068e+09,
       3.23591279e+10, 6.14242477e+11]))
Ans5 was  ([([(0, 2), (1, 2), (2, 0)], 15, 0.1), ([(1, 2), (0, 1)], 8, 0.15), ([(0, 1)], 2, 0.05000000000000002), ([(0, 0)], 1, 0.5)], array([ 3.30000000e+00,  3.28000000e+01,  4.15200000e+02,  5.67820000e+03,
        8.08548000e+04,  1.17838780e+06,  1.74005172e+07,  2.58805658e+08,
        3.86446862e+09,  5.78261004e+10,  8.66264076e+11,  1.29849417e+13,
        1.94701970e+14,  2.91995231e+15,  4.37946667e+16,  6.56883057e+17,
        6.29578267e+17,  2.17937574e+17, -4.39200329e+17,  6.39371753e+17,
       -1.76570052e+18, -1.98897494e+17]))
Ans6a was  ([], array([0, 0, 0, 0, 0, 0, 0, 0, 0, 0, 0, 0, 0, 0, 0, 0, 0, 0, 0, 0, 0, 0]))
Ans6b was  ([], array([0, 0, 0, 0, 0, 0, 0, 0, 0, 0, 0, 0, 0, 0, 0, 0, 0, 0, 0, 0, 0, 0]))
Ans6c was  ([], array([0, 0, 0, 0, 0, 0, 0, 0, 0, 0, 0, 0, 0, 0, 0, 0, 0, 0, 0, 0, 0, 0]))
Ans7 was  ([([(0, 1), (1, 1), (2, 1)], 9, np.float64(0.1)), ([(1, 1), (0, 0), (2, 0)], 7, np.float64(0.015151515151515152)), ([(1, 1), (0, 0)], 4, np.float64(0.13484848484848483)), ([(0, 0), (1, 0)], 3, np.float64(0.016666666666666663)), ([(1, 0)], 1, np.float64(0.15))], array([1.74545455e+00, 1.13000000e+01, 8.73272727e+01, 7.28500000e+02,
       6.30183636e+03, 5.54913000e+04, 4.93020782e+05]))
Ans1 was  [2.50000000e+00 1.70000000e+01 1.30000000e+02 1.02800000e+03
 8.20000000e+03 6.55520000e+04 5.24320000e+05 4.19436800e+06
 3.35545600e+07 2.68435712e+08]
Ans2a was  [4.00000000e+00 5.05000000e+01 8.02000000e+02 1.40365000e+04
 2.56528000e+05 4.78448650e+06 9.01051660e+07 1.70481495e+09
 3.23268878e+10 6.13629658e+11]
Ans2b was  [4.00050000e+00 5.05055000e+01 8.02048500e+02 1.40369015e+04
 2.56531253e+05 4.78451264e+06 9.01053755e+07 1.70481663e+09
 3.23269012e+10 6.13629766e+11]
Ans2c was  [4.00100000e+00 5.05280000e+01 8.02613000e+02 1.40488760e+04
 2.56769705e+05 4.78913794e+06 9.01940749e+07 1.70650900e+09
 3.23591178e+10 6.14242416e+11]
Ans3c1 was  [4.00400000e+00 5.05550000e+01 8.02802000e+02 1.40500910e+04
 2.56777238e+05 4.78918387e+06 9.01943526e+07 1.70651068e+09
 3.23591279e+10 6.14242477e+11]
Ans3c2 was  [4.00400000e+00 5.05550000e+01 8.02802000e+02 1.40500910e+04
 2.56777238e+05 4.78918387e+06 9.01943526e+07 1.70651068e+09
 3.23591279e+10 6.14242477e+11]
Ans5 was  [ 3.30000000e+00  3.28000000e+01  4.15200000e+02  5.67820000e+03
  8.08548000e+04  1.17838780e+06  1.74005172e+07  2.58805658e+08
  3.86446862e+09  5.78261004e+10  8.66264076e+11  1.29849417e+13
  1.94701970e+14  2.91995231e+15  4.37946667e+16  6.56883057e+17
  6.29578267e+17  2.17937574e+17 -4.39200329e+17  6.39371753e+17
 -1.76570052e+18 -1.98897494e+17]
Ans6a was  [0 0 0 0 0 0 0 0 0 0 0 0 0 0 0 0 0 0 0 0 0 0]
Ans6b was  [0 0 0 0 0 0 0 0 0 0 0 0 0 0 0 0 0 0 0 0 0 0]
Ans6c was  [0 0 0 0 0 0 0 0 0 0 0 0 0 0 0 0 0 0 0 0 0 0]
Ans7 was  [1.74545455e+00 1.13000000e+01 8.73272727e+01 7.28500000e+02
 6.30183636e+03 5.54913000e+04 4.93020782e+05]
